Archivo ; EleccionNro ; wavelet ; energiaPreProSI ; energiaPreProNO ; energiaPostProSI ; energiaPostProNO ; resultObtenido ; resultEsperado; TP ; TN ; FP ; FN
fer1 ; 1 ; bior1.5 ; 744.261548 ; 783.410469 ; 456.558120 ; 66.010920 ; 1 ; 1 ; 1 ; 0 ; 0 ;0 
fer2 ; 1 ; bior1.5 ; 839.651114 ; 1607.787034 ; 271.155786 ; 193.853305 ; 1 ; 0 ; 0 ; 0 ; 1 ;0 
fer3x ; 1 ; bior1.5 ; 1744.671142 ; 756.425079 ; 118.347604 ; 37.318440 ; 1 ; 1 ; 1 ; 0 ; 0 ;0 
fer4 ; 1 ; bior1.5 ; 796.269149 ; 1273.591373 ; 41.868395 ; 104.379299 ; 0 ; 1 ; 0 ; 0 ; 0 ;1 
fer4 ; 2 ; bior1.5 ; 1345.295286 ; 1764.776620 ; 173.780530 ; 36.825291 ; 1 ; 0 ; 0 ; 0 ; 1 ;0 
fer5 ; 1 ; bior1.5 ; 1338.105570 ; 454.126086 ; 41.046960 ; 84.782533 ; 0 ; 1 ; 0 ; 0 ; 0 ;1 
mati-1-12.09.16.17.58.22 ; 1 ; bior1.5 ; 1375.464872 ; 1018.608918 ; 105.451566 ; 355.126776 ; 0 ; 0 ; 0 ; 1 ; 0 ;0 
nahuel6 ; 1 ; bior1.5 ; 1050.803779 ; 1180.704002 ; 174.340645 ; 137.198339 ; 1 ; 1 ; 1 ; 0 ; 0 ;0 
nahuel7 ; 1 ; bior1.5 ; 515.625852 ; 544.989468 ; 93.351963 ; 17.529565 ; 1 ; 0 ; 0 ; 0 ; 1 ;0 
fer1 ; 1 ; bior3.9 ; 744.261548 ; 783.410469 ; 528.778866 ; 128.905241 ; 1 ; 1 ; 1 ; 0 ; 0 ;0 
fer2 ; 1 ; bior3.9 ; 839.651114 ; 1607.787034 ; 236.170410 ; 658.423198 ; 0 ; 0 ; 0 ; 1 ; 0 ;0 
fer3x ; 1 ; bior3.9 ; 1744.671142 ; 756.425079 ; 78.331368 ; 2.730337 ; 1 ; 1 ; 1 ; 0 ; 0 ;0 
fer4 ; 1 ; bior3.9 ; 796.269149 ; 1273.591373 ; 251.317307 ; 28.475786 ; 1 ; 1 ; 1 ; 0 ; 0 ;0 
fer4 ; 2 ; bior3.9 ; 1345.295286 ; 1764.776620 ; 59.629648 ; 85.089497 ; 0 ; 0 ; 0 ; 1 ; 0 ;0 
fer5 ; 1 ; bior3.9 ; 1338.105570 ; 454.126086 ; 3.715390 ; 17.462522 ; 0 ; 1 ; 0 ; 0 ; 0 ;1 
mati-1-12.09.16.17.58.22 ; 1 ; bior3.9 ; 1375.464872 ; 1018.608918 ; 82.397166 ; 218.699353 ; 0 ; 0 ; 0 ; 1 ; 0 ;0 
nahuel6 ; 1 ; bior3.9 ; 1050.803779 ; 1180.704002 ; 98.714121 ; 6.555734 ; 1 ; 1 ; 1 ; 0 ; 0 ;0 
nahuel7 ; 1 ; bior3.9 ; 515.625852 ; 544.989468 ; 111.179059 ; 14.004771 ; 1 ; 0 ; 0 ; 0 ; 1 ;0 
fer1 ; 1 ; coif3 ; 744.261548 ; 783.410469 ; 236.887949 ; 185.619577 ; 1 ; 1 ; 1 ; 0 ; 0 ;0 
fer2 ; 1 ; coif3 ; 839.651114 ; 1607.787034 ; 147.241314 ; 169.904930 ; 0 ; 0 ; 0 ; 1 ; 0 ;0 
fer3x ; 1 ; coif3 ; 1744.671142 ; 756.425079 ; 101.793540 ; 22.035222 ; 1 ; 1 ; 1 ; 0 ; 0 ;0 
fer4 ; 1 ; coif3 ; 796.269149 ; 1273.591373 ; 24.109700 ; 44.076415 ; 0 ; 1 ; 0 ; 0 ; 0 ;1 
fer4 ; 2 ; coif3 ; 1345.295286 ; 1764.776620 ; 112.657098 ; 7.450645 ; 1 ; 0 ; 0 ; 0 ; 1 ;0 
fer5 ; 1 ; coif3 ; 1338.105570 ; 454.126086 ; 8.777802 ; 15.443766 ; 0 ; 1 ; 0 ; 0 ; 0 ;1 
mati-1-12.09.16.17.58.22 ; 1 ; coif3 ; 1375.464872 ; 1018.608918 ; 117.568722 ; 249.486310 ; 0 ; 0 ; 0 ; 1 ; 0 ;0 
nahuel6 ; 1 ; coif3 ; 1050.803779 ; 1180.704002 ; 82.194749 ; 38.161862 ; 1 ; 1 ; 1 ; 0 ; 0 ;0 
nahuel7 ; 1 ; coif3 ; 515.625852 ; 544.989468 ; 201.589037 ; 42.806128 ; 1 ; 0 ; 0 ; 0 ; 1 ;0 
fer1 ; 1 ; coif4 ; 744.261548 ; 783.410469 ; 482.040068 ; 70.249904 ; 1 ; 1 ; 1 ; 0 ; 0 ;0 
fer2 ; 1 ; coif4 ; 839.651114 ; 1607.787034 ; 258.080951 ; 577.014960 ; 0 ; 0 ; 0 ; 1 ; 0 ;0 
fer3x ; 1 ; coif4 ; 1744.671142 ; 756.425079 ; 39.367051 ; 5.409610 ; 1 ; 1 ; 1 ; 0 ; 0 ;0 
fer4 ; 1 ; coif4 ; 796.269149 ; 1273.591373 ; 156.276076 ; 37.744426 ; 1 ; 1 ; 1 ; 0 ; 0 ;0 
fer4 ; 2 ; coif4 ; 1345.295286 ; 1764.776620 ; 64.925527 ; 67.102898 ; 0 ; 0 ; 0 ; 1 ; 0 ;0 
fer5 ; 1 ; coif4 ; 1338.105570 ; 454.126086 ; 5.767978 ; 28.266998 ; 0 ; 1 ; 0 ; 0 ; 0 ;1 
mati-1-12.09.16.17.58.22 ; 1 ; coif4 ; 1375.464872 ; 1018.608918 ; 119.525145 ; 135.373528 ; 0 ; 0 ; 0 ; 1 ; 0 ;0 
nahuel6 ; 1 ; coif4 ; 1050.803779 ; 1180.704002 ; 52.575103 ; 5.350577 ; 1 ; 1 ; 1 ; 0 ; 0 ;0 
nahuel7 ; 1 ; coif4 ; 515.625852 ; 544.989468 ; 58.800315 ; 17.025705 ; 1 ; 0 ; 0 ; 0 ; 1 ;0 
fer1 ; 1 ; db4 ; 744.261548 ; 783.410469 ; 284.663083 ; 112.382648 ; 1 ; 1 ; 1 ; 0 ; 0 ;0 
fer2 ; 1 ; db4 ; 839.651114 ; 1607.787034 ; 63.173935 ; 264.495055 ; 0 ; 0 ; 0 ; 1 ; 0 ;0 
fer3x ; 1 ; db4 ; 1744.671142 ; 756.425079 ; 65.522901 ; 5.472491 ; 1 ; 1 ; 1 ; 0 ; 0 ;0 
fer4 ; 1 ; db4 ; 796.269149 ; 1273.591373 ; 75.633331 ; 42.073170 ; 1 ; 1 ; 1 ; 0 ; 0 ;0 
fer4 ; 2 ; db4 ; 1345.295286 ; 1764.776620 ; 66.003374 ; 20.706757 ; 1 ; 0 ; 0 ; 0 ; 1 ;0 
fer5 ; 1 ; db4 ; 1338.105570 ; 454.126086 ; 7.457424 ; 22.270297 ; 0 ; 1 ; 0 ; 0 ; 0 ;1 
mati-1-12.09.16.17.58.22 ; 1 ; db4 ; 1375.464872 ; 1018.608918 ; 65.278917 ; 113.385676 ; 0 ; 0 ; 0 ; 1 ; 0 ;0 
nahuel6 ; 1 ; db4 ; 1050.803779 ; 1180.704002 ; 45.133388 ; 41.192843 ; 1 ; 1 ; 1 ; 0 ; 0 ;0 
nahuel7 ; 1 ; db4 ; 515.625852 ; 544.989468 ; 73.310962 ; 16.006316 ; 1 ; 0 ; 0 ; 0 ; 1 ;0 
fer1 ; 1 ; db9 ; 744.261548 ; 783.410469 ; 289.456980 ; 321.837348 ; 0 ; 1 ; 0 ; 0 ; 0 ;1 
fer2 ; 1 ; db9 ; 839.651114 ; 1607.787034 ; 58.631251 ; 490.876281 ; 0 ; 0 ; 0 ; 1 ; 0 ;0 
fer3x ; 1 ; db9 ; 1744.671142 ; 756.425079 ; 128.787436 ; 23.183766 ; 1 ; 1 ; 1 ; 0 ; 0 ;0 
fer4 ; 1 ; db9 ; 796.269149 ; 1273.591373 ; 201.900161 ; 83.361223 ; 1 ; 1 ; 1 ; 0 ; 0 ;0 
fer4 ; 2 ; db9 ; 1345.295286 ; 1764.776620 ; 32.486837 ; 43.750707 ; 0 ; 0 ; 0 ; 1 ; 0 ;0 
fer5 ; 1 ; db9 ; 1338.105570 ; 454.126086 ; 9.354460 ; 22.497087 ; 0 ; 1 ; 0 ; 0 ; 0 ;1 
mati-1-12.09.16.17.58.22 ; 1 ; db9 ; 1375.464872 ; 1018.608918 ; 136.679337 ; 150.896807 ; 0 ; 0 ; 0 ; 1 ; 0 ;0 
nahuel6 ; 1 ; db9 ; 1050.803779 ; 1180.704002 ; 88.732632 ; 36.665988 ; 1 ; 1 ; 1 ; 0 ; 0 ;0 
nahuel7 ; 1 ; db9 ; 515.625852 ; 544.989468 ; 144.552298 ; 44.494079 ; 1 ; 0 ; 0 ; 0 ; 1 ;0 
