Archivo ; EleccionNro ; wavelet ; energiaPreProSI ; energiaPreProNO ; energiaPostProSI ; energiaPostProNO ; resultObtenido ; resultEsperado; TP ; TN ; FP ; FN
fer1 ; 1 ; coif4 ; 985,918806 ; 942,512836 ; 91,920684 ; 52,888392 ; 1 ; 1 ; 1 ; 0 ; 0 ;0 
fer2 ; 1 ; coif4 ; 1250,174147 ; 1232,121279 ; 54,225021 ; 144,299458 ; 0 ; 0 ; 0 ; 1 ; 0 ;0 
fer3x ; 1 ; coif4 ; 454,838521 ; 685,703508 ; 40,011444 ; 132,276141 ; 0 ; 1 ; 0 ; 0 ; 0 ;1 
fer4 ; 1 ; coif4 ; 632,717223 ; 1118,659127 ; 85,943156 ; 107,994271 ; 0 ; 1 ; 0 ; 0 ; 0 ;1 
fer4 ; 2 ; coif4 ; 879,776280 ; 1062,573218 ; 90,682992 ; 53,937826 ; 1 ; 0 ; 0 ; 0 ; 1 ;0 
fer5 ; 1 ; coif4 ; 807,105458 ; 1662,130749 ; 70,946713 ; 67,543410 ; 1 ; 1 ; 1 ; 0 ; 0 ;0 
mati-1-12,09,16,17,58,22 ; 1 ; coif4 ; 803,670238 ; 525,272052 ; 75,153998 ; 106,925489 ; 0 ; 0 ; 0 ; 1 ; 0 ;0 
nahuel6 ; 1 ; coif4 ; 1237,219430 ; 1091,196091 ; 90,981270 ; 4,007676 ; 1 ; 1 ; 1 ; 0 ; 0 ;0 
nahuel7 ; 1 ; coif4 ; 1279,508421 ; 540,013880 ; 18,982498 ; 23,922231 ; 0 ; 0 ; 0 ; 1 ; 0 ;0 
fer1 ; 1 ; coif4 ; 559,959906 ; 1619,811728 ; 148,628035 ; 167,951324 ; 0 ; 1 ; 0 ; 0 ; 0 ;1 
fer2 ; 1 ; coif4 ; 904,708795 ; 908,562553 ; 59,193443 ; 199,490063 ; 0 ; 0 ; 0 ; 1 ; 0 ;0 
fer3x ; 1 ; coif4 ; 463,237427 ; 1733,744466 ; 92,367758 ; 119,081352 ; 0 ; 1 ; 0 ; 0 ; 0 ;1 
fer4 ; 1 ; coif4 ; 677,337658 ; 862,297254 ; 57,113466 ; 48,842398 ; 1 ; 1 ; 1 ; 0 ; 0 ;0 
fer4 ; 2 ; coif4 ; 1208,185441 ; 974,143751 ; 66,393157 ; 86,782806 ; 0 ; 0 ; 0 ; 1 ; 0 ;0 
fer5 ; 1 ; coif4 ; 980,674804 ; 1729,168612 ; 129,608089 ; 17,328179 ; 1 ; 1 ; 1 ; 0 ; 0 ;0 
mati-1-12,09,16,17,58,22 ; 1 ; coif4 ; 656,119998 ; 558,143418 ; 73,577524 ; 60,897080 ; 1 ; 0 ; 0 ; 0 ; 1 ;0 
nahuel6 ; 1 ; coif4 ; 1075,151446 ; 1450,511486 ; 160,500781 ; 58,046627 ; 1 ; 1 ; 1 ; 0 ; 0 ;0 
nahuel7 ; 1 ; coif4 ; 886,148936 ; 587,060907 ; 59,646628 ; 23,055632 ; 1 ; 0 ; 0 ; 0 ; 1 ;0 
fer1 ; 1 ; coif4 ; 529,747187 ; 1371,193584 ; 127,454852 ; 70,869503 ; 1 ; 1 ; 1 ; 0 ; 0 ;0 
fer2 ; 1 ; coif4 ; 806,816623 ; 825,441419 ; 63,186996 ; 243,306952 ; 0 ; 0 ; 0 ; 1 ; 0 ;0 
fer3x ; 1 ; coif4 ; 954,138507 ; 813,374477 ; 118,620141 ; 128,787357 ; 0 ; 1 ; 0 ; 0 ; 0 ;1 
fer4 ; 1 ; coif4 ; 763,901584 ; 573,014680 ; 108,200214 ; 91,116837 ; 1 ; 1 ; 1 ; 0 ; 0 ;0 
fer4 ; 2 ; coif4 ; 1616,714396 ; 1007,440259 ; 201,258867 ; 66,717038 ; 1 ; 0 ; 0 ; 0 ; 1 ;0 
fer5 ; 1 ; coif4 ; 704,936035 ; 1890,441079 ; 94,447747 ; 26,983825 ; 1 ; 1 ; 1 ; 0 ; 0 ;0 
mati-1-12,09,16,17,58,22 ; 1 ; coif4 ; 583,056379 ; 434,231693 ; 87,958586 ; 59,263431 ; 1 ; 0 ; 0 ; 0 ; 1 ;0 
nahuel6 ; 1 ; coif4 ; 729,291950 ; 1220,890339 ; 91,665239 ; 25,881201 ; 1 ; 1 ; 1 ; 0 ; 0 ;0 
nahuel7 ; 1 ; coif4 ; 1027,104376 ; 530,917508 ; 116,336986 ; 16,447708 ; 1 ; 0 ; 0 ; 0 ; 1 ;0 
fer1 ; 1 ; coif4 ; 498,730449 ; 1387,918562 ; 167,532508 ; 116,511834 ; 1 ; 1 ; 1 ; 0 ; 0 ;0 
fer2 ; 1 ; coif4 ; 832,263706 ; 845,119428 ; 76,330190 ; 305,106216 ; 0 ; 0 ; 0 ; 1 ; 0 ;0 
fer3x ; 1 ; coif4 ; 1116,407457 ; 1148,487658 ; 111,273103 ; 199,990592 ; 0 ; 1 ; 0 ; 0 ; 0 ;1 
fer4 ; 1 ; coif4 ; 683,889647 ; 660,440638 ; 127,494979 ; 89,723460 ; 1 ; 1 ; 1 ; 0 ; 0 ;0 
fer4 ; 2 ; coif4 ; 697,343304 ; 1016,768901 ; 83,378141 ; 69,459719 ; 1 ; 0 ; 0 ; 0 ; 1 ;0 
fer5 ; 1 ; coif4 ; 774,732375 ; 2068,012970 ; 114,631751 ; 43,893373 ; 1 ; 1 ; 1 ; 0 ; 0 ;0 
mati-1-12,09,16,17,58,22 ; 1 ; coif4 ; 542,544198 ; 471,890065 ; 65,109970 ; 54,292492 ; 1 ; 0 ; 0 ; 0 ; 1 ;0 
nahuel6 ; 1 ; coif4 ; 800,017475 ; 1270,320587 ; 75,804445 ; 13,533136 ; 1 ; 1 ; 1 ; 0 ; 0 ;0 
nahuel7 ; 1 ; coif4 ; 868,705858 ; 671,268363 ; 92,978274 ; 23,108109 ; 1 ; 0 ; 0 ; 0 ; 1 ;0 
fer1 ; 1 ; coif4 ; 710,588921 ; 1026,990519 ; 129,924964 ; 51,453066 ; 1 ; 1 ; 1 ; 0 ; 0 ;0 
fer2 ; 1 ; coif4 ; 843,629841 ; 1151,790154 ; 79,751232 ; 352,112470 ; 0 ; 0 ; 0 ; 1 ; 0 ;0 
fer3x ; 1 ; coif4 ; 934,327665 ; 984,520523 ; 47,825490 ; 159,642074 ; 0 ; 1 ; 0 ; 0 ; 0 ;1 
fer4 ; 1 ; coif4 ; 1219,506014 ; 661,585909 ; 71,958890 ; 160,905000 ; 0 ; 1 ; 0 ; 0 ; 0 ;1 
fer4 ; 2 ; coif4 ; 1461,491203 ; 1157,044187 ; 12,820615 ; 73,761048 ; 0 ; 0 ; 0 ; 1 ; 0 ;0 
fer5 ; 1 ; coif4 ; 736,732816 ; 1866,321326 ; 59,665414 ; 26,966045 ; 1 ; 1 ; 1 ; 0 ; 0 ;0 
mati-1-12,09,16,17,58,22 ; 1 ; coif4 ; 530,725808 ; 545,730174 ; 62,004033 ; 87,775214 ; 0 ; 0 ; 0 ; 1 ; 0 ;0 
nahuel6 ; 1 ; coif4 ; 943,727811 ; 1358,004923 ; 13,778945 ; 5,024918 ; 1 ; 1 ; 1 ; 0 ; 0 ;0 
nahuel7 ; 1 ; coif4 ; 573,580812 ; 890,806093 ; 36,454845 ; 28,037493 ; 1 ; 0 ; 0 ; 0 ; 1 ;0 
fer1 ; 1 ; coif4 ; 596,487838 ; 1769,306820 ; 226,613082 ; 210,112991 ; 1 ; 1 ; 1 ; 0 ; 0 ;0 
fer2 ; 1 ; coif4 ; 762,704053 ; 931,583290 ; 157,952321 ; 515,240811 ; 0 ; 0 ; 0 ; 1 ; 0 ;0 
fer3x ; 1 ; coif4 ; 996,763536 ; 938,334668 ; 121,390368 ; 61,528947 ; 1 ; 1 ; 1 ; 0 ; 0 ;0 
fer4 ; 1 ; coif4 ; 1627,547258 ; 992,635216 ; 141,382918 ; 122,617215 ; 1 ; 1 ; 1 ; 0 ; 0 ;0 
fer4 ; 2 ; coif4 ; 1032,722371 ; 1422,577804 ; 14,442779 ; 74,493387 ; 0 ; 0 ; 0 ; 1 ; 0 ;0 
fer5 ; 1 ; coif4 ; 957,189377 ; 1087,584223 ; 25,363013 ; 107,106852 ; 0 ; 1 ; 0 ; 0 ; 0 ;1 
mati-1-12,09,16,17,58,22 ; 1 ; coif4 ; 611,070657 ; 443,699893 ; 70,089213 ; 105,804306 ; 0 ; 0 ; 0 ; 1 ; 0 ;0 
nahuel6 ; 1 ; coif4 ; 783,409434 ; 1180,704002 ; 28,099732 ; 5,350577 ; 1 ; 1 ; 1 ; 0 ; 0 ;0 
nahuel7 ; 1 ; coif4 ; 515,625852 ; 712,448247 ; 58,800315 ; 13,734386 ; 1 ; 0 ; 0 ; 0 ; 1 ;0 
